L	0.0141	2.9053	1477010443350000	-0.0165	3.0494	-0.0941	0.9956
R	3.0713	1.5969	1.0285	1477010443750000	-0.0821	3.4438	-0.2181	0.9759
L	-0.2587	3.9306	1477010444150000	-0.1966	3.8267	-0.3387	0.9409
R	3.9680	1.6343	0.7036	1477010444550000	-0.3583	4.1923	-0.4540	0.8910
L	-0.4062	4.3464	1477010444950000	-0.5645	4.5348	-0.5621	0.8271
R	5.3355	1.7276	0.6996	1477010445350000	-0.8119	4.8487	-0.6613	0.7501
L	-1.2393	4.9445	1477010445750000	-1.0968	5.1292	-0.7501	0.6613
R	5.4495	1.8261	1.3854	1477010446150000	-1.4146	5.3717	-0.8271	0.5621
L	-1.8877	5.3497	1477010446550000	-1.7602	5.5725	-0.8910	0.4540
R	6.0685	1.9239	0.7491	1477010446950000	-2.1283	5.7283	-0.9409	0.3387
L	-2.3145	5.5747	1477010447350000	-2.5131	5.8368	-0.9759	0.2181
R	6.3353	2.0370	0.9521	1477010447750000	-2.9084	5.8963	-0.9956	0.0941
L	-3.0991	5.7918	1477010448150000	-3.3080	5.9057	-0.9995	-0.0314
R	7.4510	2.0975	0.6836	1477010448550000	-3.7057	5.8649	-0.9877	-0.1564
L	-4.2127	5.6541	1477010448950000	-4.0951	5.7747	-0.9603	-0.2790
R	7.6094	2.2307	0.1795	1477010449350000	-4.4701	5.6363	-0.9178	-0.3971
L	-5.0654	5.5629	1477010449750000	-4.8248	5.4521	-0.8607	-0.5090
R	7.2249	2.3690	0.6069	1477010450150000	-5.1537	5.2248	-0.7902	-0.6129
L	-5.5911	5.1997	1477010450550000	-5.4515	4.9581	-0.7071	-0.7071
R	7.8038	2.4595	-0.0774	1477010450950000	-5.7134	4.6562	-0.6129	-0.7901
L	-5.9209	4.2852	1477010451350000	-5.9355	4.3238	-0.5091	-0.8607
R	7.5635	2.5456	-0.7479	1477010451750000	-6.1142	3.9662	-0.3972	-0.9177
L	-6.1707	3.5574	1477010452150000	-6.2467	3.5890	-0.2790	-0.9603
R	6.7024	2.6528	-0.4914	1477010452550000	-6.3308	3.1983	-0.1564	-0.9877
L	-6.6530	2.9069	1477010452950000	-6.3653	2.8000	-0.0314	-0.9995
R	7.1229	2.7842	-0.4805	1477010453350000	-6.3496	2.4006	0.0941	-0.9956
L	-6.2781	1.9750	1477010453750000	-6.2840	2.0063	0.2181	-0.9759
R	6.3254	2.8597	-0.4483	1477010454150000	-6.1694	1.6233	0.3387	-0.9409
L	-5.8916	1.1045	1477010454550000	-6.0078	1.2577	0.4540	-0.8910
R	5.5505	3.0058	-0.8871	1477010454950000	-5.8016	0.9152	0.5621	-0.8271
L	-5.7123	0.5086	1477010455350000	-5.5541	0.6013	0.6613	-0.7501
R	4.8595	3.0990	-1.0514	1477010455750000	-5.2693	0.3208	0.7501	-0.6613
L	-5.0126	-0.1942	1477010456150000	-4.9515	0.0783	0.8271	-0.5621
R	4.6384	-3.1331	-1.2427	1477010456550000	-4.6058	-0.1224	0.8910	-0.4540
L	-4.3417	-0.1640	1477010456950000	-4.2377	-0.2783	0.9409	-0.3388
R	3.6094	-3.0019	-0.8014	1477010457350000	-3.8530	-0.3868	0.9759	-0.2182
L	-3.6092	-0.4699	1477010457750000	-3.4577	-0.4463	0.9956	-0.0941
R	3.2563	-2.9545	-0.8579	1477010458150000	-3.0581	-0.4557	0.9995	0.0314
L	-2.8520	-0.5650	1477010458550000	-2.6604	-0.4149	0.9877	0.1564
R	1.8482	-2.9760	-0.5100	1477010458950000	-2.2710	-0.3247	0.9603	0.2790
L	-1.9304	-0.1480	1477010459350000	-1.8960	-0.1863	0.9178	0.3971
R	1.3634	-3.1361	-1.6784	1477010459750000	-1.5412	-0.0020	0.8608	0.5090
L	-1.0870	0.0840	1477010460150000	-1.2124	0.2252	0.7902	0.6129
R	1.2052	2.6274	-0.5087	1477010460550000	-0.9146	0.4919	0.7071	0.7071
L	-0.9175	0.9174	1477010460950000	-0.6526	0.7938	0.6129	0.7901
R	1.1939	1.9118	0.7282	1477010461350000	-0.4305	1.1262	0.5091	0.8607
L	-0.0843	1.3610	1477010461750000	-0.2519	1.4838	0.3972	0.9177
R	1.9498	1.6346	1.1631	1477010462150000	-0.1194	1.8610	0.2790	0.9603
L	-0.2611	2.3673	1477010462550000	-0.0353	2.2518	0.1565	0.9877
R	2.4834	1.5763	1.2270	1477010462950000	-0.0008	2.6500	0.0314	0.9995
L	-0.1341	3.4292	1477010463350000	0.0071	3.0498	0.0628	0.9980
R	2.6543	1.5458	1.8504	1477010463750000	0.0603	3.4460	0.1874	0.9823
L	0.0446	4.0652	1477010464150000	0.1627	3.8324	0.3090	0.9510
R	4.7510	1.4932	0.6961	1477010464550000	0.3128	4.2029	0.4258	0.9048
L	0.3171	4.2935	1477010464950000	0.5081	4.5517	0.5359	0.8443
R	5.2924	1.4664	1.0656	1477010465350000	0.7456	4.8732	0.6374	0.7705
L	1.3995	5.3271	1477010465750000	1.0215	5.1624	0.7290	0.6845
R	5.8844	1.3525	0.4554	1477010466150000	1.3315	5.4148	0.8090	0.5878
L	1.8519	5.7879	1477010466550000	1.6707	5.6263	0.8763	0.4817
R	6.2997	1.2246	0.6416	1477010466950000	2.0337	5.7937	0.9298	0.3681
L	2.5068	5.8835	1477010467350000	2.4149	5.9142	0.9686	0.2487
R	6.6902	1.1672	0.2010	1477010467750000	2.8081	5.9861	0.9921	0.1253
L	3.1968	6.1943	1477010468150000	3.2072	6.0080	1.0000	0.0000
R	7.0029	0.9873	1.1023	1477010468550000	3.6060	5.9798	0.9921	-0.1254
L	3.8368	5.8076	1477010468950000	3.9981	5.9018	0.9686	-0.2487
R	6.5337	0.9014	0.6339	1477010469350000	4.3772	5.7753	0.9298	-0.3681
L	4.4984	5.5319	1477010469750000	4.7376	5.6023	0.8763	-0.4818
R	7.2294	0.8321	-0.1982	1477010470150000	5.0734	5.3854	0.8090	-0.5878
L	5.5231	5.1760	1477010470550000	5.3794	5.1282	0.7290	-0.6846
R	7.2355	0.7067	0.4898	1477010470950000	5.6508	4.8347	0.6374	-0.7705
L	5.9893	4.2874	1477010471350000	5.8832	4.5094	0.5358	-0.8443
R	7.5624	0.6210	-0.4724	1477010471750000	6.0730	4.1576	0.4258	-0.9048
L	6.3083	3.7204	1477010472150000	6.2172	3.7848	0.3090	-0.9511
R	6.9136	0.4624	-0.1875	1477010472550000	6.3136	3.3969	0.1874	-0.9823
L	6.2413	2.8084	1477010472950000	6.3606	2.9999	0.0628	-0.9980
R	7.1264	0.3500	0.0228	1477010473350000	6.3574	2.6002	-0.0628	-0.9980
L	6.0713	2.2097	1477010473750000	6.3042	2.2040	-0.1874	-0.9823
R	6.4605	0.3141	-0.8015	1477010474150000	6.2018	1.8176	-0.3090	-0.9511
L	6.1734	1.6572	1477010474550000	6.0517	1.4471	-0.4258	-0.9048
R	6.0682	0.2117	-0.1998	1477010474950000	5.8564	1.0983	-0.5358	-0.8443
L	5.8080	0.9341	1477010475350000	5.6189	0.7768	-0.6374	-0.7705
R	5.3393	0.0930	-1.1129	1477010475750000	5.3430	0.4875	-0.7290	-0.6845
L	4.9497	0.0253	1477010476150000	5.0330	0.2352	-0.8090	-0.5878
R	5.1761	-0.0016	-0.7448	1477010476550000	4.6938	0.0236	-0.8763	-0.4817
L	4.3765	-0.1839	1477010476950000	4.3307	-0.1437	-0.9298	-0.3681
R	3.7357	-0.0561	-1.2336	1477010477350000	3.9496	-0.2643	-0.9686	-0.2487
L	3.5249	-0.6441	1477010477750000	3.5564	-0.3361	-0.9921	-0.1253
R	3.2226	-0.1358	-0.3444	1477010478150000	3.1572	-0.3580	-1.0000	0.0000
L	2.9252	-0.3774	1477010478550000	2.7585	-0.3298	-0.9921	0.1253
R	2.8480	-0.1583	-0.7997	1477010478950000	2.3664	-0.2518	-0.9686	0.2487
L	2.4086	0.0000	1477010479350000	1.9872	-0.1253	-0.9298	0.3681
R	0.9155	0.0742	-1.6726	1477010479750000	1.6269	0.0477	-0.8763	0.4818
L	1.5208	0.0764	1477010480150000	1.2911	0.2646	-0.8090	0.5878
R	1.5865	0.4864	-0.2319	1477010480550000	0.9851	0.5218	-0.7290	0.6845
L	0.9048	0.9558	1477010480950000	0.7137	0.8153	-0.6374	0.7705
R	1.3893	1.2161	0.7398	1477010481350000	0.4813	1.1405	-0.5358	0.8443
L	0.1526	1.3514	1477010481750000	0.2915	1.4923	-0.4258	0.9048
R	0.7693	1.4737	2.3261	1477010482150000	0.1473	1.8652	-0.3090	0.9511
L	0.0040	2.3615	1477010482550000	0.0509	2.2531	-0.1874	0.9823
R	2.2847	1.6007	1.1298	1477010482950000	0.0039	2.6501	-0.0628	0.9980
